



















































































































































































































































































































































































































673
496
516
377
651
80
367
489
698
2
982
91
142
372
317
583
657
977
886
939
690
194
771
3
994
676
325
967
515
298
669
578
912
225
417
35
221
409
946
106
471
386
825
29
698
178
457
0
868
164
886
835
242
745
866
849
666
691
696
421
647
961
952
586
130
720
803
924
413
337
462
884
761
857
878
225
524
412
949
570
562
732
262
462
324
272
477
485
362
273
36
669
84
797
832
280
203
4
618
245
814
